nan
nan
0.029932195113764867
0.025413687858316634
0.02348933782842424
0.0300146107458406
0.026048549347453646
0.02344001229438517
0.022868638444277976
0.02286407620542579
0.022512317738599248
0.02228487241599295
0.002958487383229408
0.0028556841419723872
0.002846034674882833
0.0028445186688225562
0.002841971457853854
0.002839810717776957
0.0028349249482962384
0.002828787064279415
0.0028165325170865377
0.0028128266035187775
0.002807925614734811
0.00280430029065663
0.002801295100626225
0.0027992390327658562
0.0027974679310782385
0.002793797935539527
0.002787036302350888
0.0027799312818053167
0.00277825083459156
0.0027748421367098587
0.0027721726742617244
0.0027713880649489573
0.00276649541886603
0.002765618088200281
0.002760480300785921
0.0027508543114661056
0.0027258268119129893
0.0027142505923099425
0.0027081519783002644
0.0027051607391818107
0.0027026053679042317
0.0026998216583472047
0.002700698166855917
0.002698218140249023
0.0026968244051604703
0.0026951015830958902
0.0026944785356465915
0.002692042330497059
0.0026906897018680338
0.002690047808156841
0.0026898346564614363
0.0026880615025139166
0.0026871387206959516
0.0026853242577082976
0.0030002995841666323
0.0027063666472393784
0.0026675983104324876
0.0026545822710891775
0.0028096698741438345
0.0026239185474153377
0.0026045112319149667
0.0025924869722307523
0.0025855866172719687
0.0025799177644464963
0.0025730802206145468
0.002575786705887003
0.0025686138619109033
